list(L= structure(.Data= c(2.84480E+01, 2.84480E+01, 2.54000E+01, 3.60680E+01, 2.15900E+01, 3.78460E+01, 2.66700E+01, 2.92100E+01, 2.03200E+01, 2.48920E+01, 2.79400E+01, 2.99720E+01, 2.54000E+01, 2.66700E+01, 3.04800E+01, 3.91160E+01, 2.54000E+01, 3.55600E+01, 3.04800E+01, 3.25120E+01, 2.69240E+01, 2.84480E+01, 2.79400E+01, 3.50520E+01, 2.84480E+01, 3.70840E+01, 2.46380E+01, 4.39420E+01, 2.23520E+01, 4.39420E+01, 2.41300E+01, 3.60680E+01, 2.54000E+01, 2.66700E+01, 2.64160E+01, 3.70840E+01, 2.59080E+01, 3.60680E+01, 2.61620E+01, 3.75920E+01, 2.54000E+01, 4.11480E+01, 3.68300E+01, 4.31800E+01, 3.93700E+01, 4.95300E+01, 3.78460E+01, 4.12750E+01, 3.22580E+01, 3.98780E+01, 3.93700E+01, 4.57200E+01, 4.49580E+01, 5.84200E+01, 3.83540E+01, 4.19100E+01, 3.30200E+01, 4.44500E+01, 3.68300E+01, 4.00050E+01, 2.97180E+01, 3.61950E+01, 3.96240E+01, 5.20700E+01, 2.94640E+01, 3.93700E+01, 3.98780E+01, 5.84200E+01, 3.42900E+01, 5.84200E+01, 4.21640E+01, 7.62000E+01, 3.68300E+01, 4.19100E+01, 2.99720E+01, 4.88950E+01, 3.17500E+01, 5.96900E+01, 3.81000E+01, 4.50850E+01, 3.93700E+01, 4.39420E+01, 4.57200E+01, 4.69900E+01, 4.36880E+01, 4.76250E+01, 4.31800E+01, 6.73100E+01, 2.66700E+01, 3.68300E+01, 3.04800E+01, 3.68300E+01, 2.15900E+01, 3.81000E+01, 2.79400E+01, 3.93700E+01, 3.55600E+01, 3.60680E+01, 3.86080E+01, 4.44500E+01, 3.75920E+01, 3.87350E+01, 3.20040E+01, 5.08000E+01, 3.42900E+01, 3.78460E+01, 3.81000E+01, 4.82600E+01, 3.81000E+01, 6.60400E+01, 3.68300E+01, 4.57200E+01, 3.68300E+01, 3.81000E+01, 3.55600E+01, 4.69900E+01, 3.55600E+01, 5.71500E+01, 4.26720E+01, 4.39420E+01, 3.55600E+01, 4.31800E+01, 3.20040E+01, 4.00050E+01, 3.35280E+01, 5.01650E+01, 4.01320E+01, 4.76250E+01, 2.59080E+01, 2.81940E+01, 3.70840E+01, 4.50850E+01, 2.87020E+01, 4.63550E+01, 2.66700E+01, 2.79400E+01, 3.04800E+01, 3.55600E+01, 2.92100E+01, 3.09880E+01, 3.04800E+01, 3.30200E+01, 2.79400E+01, 3.68300E+01, 2.79400E+01, 2.92100E+01, 2.92100E+01, 4.31800E+01, 3.04800E+01, 4.19100E+01, 2.59080E+01, 5.14350E+01, 3.81000E+01, 5.08000E+01, 3.81000E+01, 4.57200E+01, 3.86080E+01, 4.66852E+01, 3.30200E+01, 4.57200E+01, 3.17500E+01, 4.31800E+01, 3.42900E+01, 4.06400E+01, 3.30200E+01, 4.00050E+01, 3.30200E+01, 4.57200E+01, 3.55600E+01, 4.82600E+01, 3.68300E+01, 5.33400E+01, 2.92100E+01, 3.75920E+01, 3.30200E+01, 4.06400E+01, 3.55600E+01, 5.96900E+01, 3.68300E+01, 4.63550E+01, 3.17500E+01, 3.93700E+01, 3.17500E+01, 4.57200E+01, 3.04800E+01, 4.31800E+01, 3.55600E+01, 4.57200E+01, 3.30200E+01, 4.06400E+01, 2.92100E+01, 3.93700E+01, 3.04800E+01, 3.81000E+01, 3.04800E+01, 4.38150E+01, 3.68300E+01, 4.95300E+01, 3.30200E+01, 3.68300E+01, 3.55600E+01, 5.08000E+01, 3.30200E+01, 5.33400E+01, 2.92100E+01, 2.89560E+01, 2.74320E+01, 3.68300E+01, 2.99720E+01, 4.44500E+01, 2.99720E+01, 4.44500E+01, 2.99720E+01, 3.04800E+01, 2.84480E+01, 4.44500E+01, 2.59080E+01, 5.20700E+01, 2.48920E+01, 4.34340E+01, 3.68300E+01, 4.38150E+01, 3.60680E+01, 3.81000E+01, 3.60680E+01, 4.82600E+01, 3.93700E+01, 5.20700E+01, 4.06400E+01, 4.76250E+01, 2.92100E+01, 3.81000E+01, 3.42900E+01, 4.06400E+01, 3.04800E+01, 4.31800E+01, 3.30200E+01, 4.19100E+01, 2.66700E+01, 4.06400E+01, 3.68300E+01, 4.44500E+01, 3.30200E+01, 3.55600E+01, 2.54000E+01, 4.06400E+01, 3.81000E+01, 4.88950E+01, 2.66700E+01, 3.68300E+01, 2.99720E+01, 3.68300E+01, 2.92100E+01, 6.41350E+01, 3.17500E+01, 4.06400E+01, 3.42900E+01, 4.44500E+01, 3.30200E+01, 4.95300E+01, 3.30200E+01, 4.06400E+01, 2.92100E+01, 3.42900E+01, 3.55600E+01, 3.68300E+01, 3.30200E+01, 5.39750E+01, 3.30200E+01, 3.55600E+01, 3.04800E+01, 3.55600E+01, 2.54000E+01, 3.04800E+01, 3.30200E+01, 3.27660E+01, 2.92100E+01, 3.81000E+01, 4.06400E+01, 4.44500E+01, 3.68300E+01, 4.31800E+01, 3.30200E+01, 4.31800E+01, 3.81000E+01, 4.38150E+01, 3.55600E+01, 4.57200E+01, 3.42900E+01, 4.57200E+01, 3.17500E+01, 4.44500E+01, 2.79400E+01, 3.50520E+01, 3.04800E+01, 5.84200E+01, 3.04800E+01, 4.44500E+01, 2.92100E+01, 3.60680E+01, 3.04800E+01, 3.87350E+01, 3.42900E+01, 5.58800E+01, 3.30200E+01, 3.93700E+01, 3.55600E+01, 4.19100E+01, 3.30200E+01, 3.93700E+01, 3.04800E+01, 3.81000E+01, 3.81000E+01, 3.93700E+01, 3.42900E+01, 4.69900E+01, 3.68300E+01, 4.44500E+01, 3.42900E+01, 4.19100E+01, 3.42900E+01, 4.19100E+01, 2.28600E+01, 2.92100E+01, 3.42900E+01, 4.95300E+01, 3.42900E+01, 3.55600E+01, 3.17500E+01, 4.06400E+01, 3.30200E+01, 4.11480E+01, 3.30200E+01, 4.06400E+01, 3.04800E+01, 4.06400E+01, 3.04800E+01, 3.81000E+01, 3.04800E+01, 4.19100E+01, 3.30200E+01, 4.06400E+01, 2.92100E+01, 3.81000E+01, 3.04800E+01, 3.30200E+01, 3.30200E+01, 3.55600E+01, 3.04800E+01, 3.81000E+01, 3.04800E+01, 3.81000E+01, 2.66700E+01, 3.17500E+01, 3.04800E+01, 5.84200E+01, 3.30200E+01, 4.50850E+01, 3.17500E+01, 3.32740E+01, 2.92100E+01, 5.08000E+01, 3.68300E+01, 4.69900E+01, 3.17500E+01, 4.19100E+01, 3.68300E+01, 4.57200E+01, 3.30200E+01, 4.57200E+01, 3.68300E+01, 3.81000E+01, 3.17500E+01, 3.93700E+01, 3.17500E+01, 4.63550E+01, 3.42900E+01, 4.57200E+01, 3.17500E+01, 4.31800E+01, 4.19100E+01, 5.71500E+01, 3.04800E+01, 4.57200E+01, 3.81000E+01, 5.58800E+01, 3.30200E+01, 4.31800E+01, 2.79400E+01, 4.82600E+01, 3.17500E+01, 4.01320E+01, 3.17500E+01, 5.58800E+01, 3.04800E+01, 5.96900E+01, 3.04800E+01, 4.06400E+01, 3.04800E+01, 4.44500E+01, 3.04800E+01, 4.31800E+01, 3.30200E+01, 4.38150E+01, 3.68300E+01, 4.57200E+01, 3.30200E+01, 3.81000E+01, 3.17500E+01, 3.55600E+01, 3.30200E+01, 4.31800E+01, 2.92100E+01, 5.46100E+01, 3.42900E+01, 4.01320E+01, 3.04800E+01, 7.04850E+01, 3.30200E+01, 4.19100E+01, 3.17500E+01, 4.82600E+01, 3.55600E+01, 5.71500E+01, 3.55600E+01, 4.06400E+01, 3.81000E+01, 6.60400E+01, 3.42900E+01, 3.81000E+01, 2.92100E+01, 4.82600E+01, 2.79400E+01, 3.60680E+01, 3.30200E+01, 4.57200E+01, 3.17500E+01, 3.68300E+01, 3.04800E+01, 4.25450E+01, 3.30200E+01, 3.91160E+01, 3.04800E+01, 3.87350E+01, 3.04800E+01, 3.55600E+01, 3.42900E+01, 4.88950E+01, 3.55600E+01, 4.82600E+01, 3.30200E+01, 4.57200E+01, 3.17500E+01, 4.31800E+01, 3.42900E+01, 5.33400E+01, 3.81000E+01, 5.20700E+01, 3.04800E+01, 3.93700E+01, 3.04800E+01, 5.20700E+01, 3.42900E+01, 4.44500E+01, 3.17500E+01, 4.06400E+01, 3.30200E+01, 4.31800E+01, 3.30200E+01, 3.81000E+01, 3.04800E+01, 3.75920E+01, 3.55600E+01, 6.22300E+01, 3.30200E+01, 4.31800E+01, 3.17500E+01, 3.88620E+01, 3.17500E+01, 3.93700E+01, 3.04800E+01, 4.50850E+01, 3.17500E+01, 4.38150E+01, 3.04800E+01, 3.68300E+01, 3.30200E+01, 4.12750E+01, 3.17500E+01, 3.42900E+01, 3.04800E+01, 5.08000E+01, 3.17500E+01, 4.95300E+01, 3.17500E+01, 3.70840E+01, 3.30200E+01, 4.06400E+01, 3.17500E+01, 5.20700E+01, 3.30200E+01, 4.31800E+01, 4.06400E+01, 4.82600E+01, 3.04800E+01, 5.20700E+01, 2.99720E+01, 3.17500E+01, 2.66700E+01, 3.09880E+01, 2.66700E+01, 3.09880E+01, 3.30200E+01, 3.55600E+01, 2.99720E+01, 4.06400E+01, 3.42900E+01, 3.81000E+01, 3.04800E+01, 3.81000E+01, 3.17500E+01, 3.81000E+01, 2.79400E+01, 3.93700E+01, 3.30200E+01, 3.55600E+01, 3.04800E+01, 3.17500E+01, 3.04800E+01, 3.81000E+01, 3.93700E+01, 4.06400E+01, 3.81000E+01, 3.81000E+01, 3.55600E+01, 4.06400E+01, 3.81000E+01, 5.08000E+01, 3.68300E+01, 5.27050E+01, 3.68300E+01, 3.93700E+01, 3.81000E+01, 4.06400E+01, 3.25120E+01, 3.81000E+01, 3.30200E+01, 3.68300E+01, 3.17500E+01, 4.19100E+01, 3.68300E+01, 4.44500E+01, 3.81000E+01, 4.31800E+01, 3.81000E+01, 5.58800E+01, 3.17500E+01, 4.31800E+01, 3.30200E+01, 4.12750E+01, 2.54000E+01, 2.66700E+01, 2.69240E+01, 5.08000E+01, 2.99720E+01, 6.09600E+01, 3.02260E+01, 3.17500E+01, 3.04800E+01, 5.20700E+01, 3.09880E+01, 3.30200E+01, 3.22580E+01, 5.08000E+01, 4.14020E+01, 6.85800E+01, 1.90500E+01, 2.41300E+01, 2.69240E+01, 4.31800E+01, 3.09880E+01, 3.50520E+01, 3.53060E+01, 3.78460E+01, 2.59080E+01, 2.76860E+01, 3.27660E+01, 3.75920E+01, 2.84480E+01, 3.81000E+01, 2.81940E+01, 3.68300E+01, 3.63220E+01, 3.70840E+01, 2.59080E+01, 3.04800E+01, 2.61620E+01, 5.71500E+01, 3.25120E+01, 5.96900E+01, 4.31800E+01, 4.76250E+01, 2.56540E+01, 3.30200E+01, 2.51460E+01, 2.84480E+01, 2.61620E+01, 2.87020E+01, 2.92100E+01, 4.44500E+01, 4.29260E+01, 5.27050E+01, 2.84480E+01, 