list(Linf_mu=6.00000E+01, Linf_tau=3.00000E-02, shape=5.60000E+01, rate=2.10000E+01, k_mu=3.00000E-01, k_tau=9.12100E+03, tau=1.20000E-01)
